3.141592653589793238462643383279502884197169399375105820974944592307816406286
20899862803482534211706798214808651328230664709384460955058223172535940812848
11174502841027019385211055596446229489549303819644288109756659334461284756482
33786783165271201909145648566923460348610454326648213393607260249141273724587
00660631558817488152092096282925409171536436789259036001133053054882046652138
41469519415116094330572703657595919530921861173819326117931051185480744623799
62749567351885752724891227938183011949129833673362440656643086021394946395224
73719070217986094370277053921717629317675238467481846766940513200056812714526
35608277857713427577896091736371787214684409012249534301465495853710507922796
89258923542019956112129021960864034418159813629774771309960518707211349999998
37297804995105973173281609631859502445945534690830264252230825334468503526193
11881710100031378387528865875332083814206171776691473035982534904287554687311
59562863882353787593751957781857780532171226806613001927876611195909216420198
93809525720106548586327886593615338182796823030195203530185296899577362259941
38912497217752834791315155748572424541506959508295331168617278558890750983817
54637464939319255060400927701671139009848824012858361603563707660104710181942
95559619894676783744944825537977472684710404753464620804668425906949129331367
70289891521047521620569660240580381501935112533824300355876402474964732639141
99272604269922796782354781636009341721641219924586315030286182974555706749838
50549458858692699569092721079750930295532116534498720275596023648066549911988
18347977535663698074265425278625518184175746728909777727938000816470600161452
49192173217214772350141441973568548161361157352552133475741849468438523323907
39414333454776241686251898356948556209921922218427255025425688767179049460165
34668049886272327917860857843838279679766814541009538837863609506800642251252
05117392984896084128488626945604241965285022210661186306744278622039194945047
12371378696095636437191728746776465757396241389086583264599581339047802759009
94657640789512694683983525957098258226205224894077267194782684826014769909026
40136394437455305068203496252451749399651431429809190659250937221696461515709
85838741059788595977297549893016175392846813826868386894277415599185592524595
39594310499725246808459872736446958486538367362226260991246080512438843904512
44136549762780797715691435997700129616089441694868555848406353422072225828488
64815845602850601684273945226746767889525213852254995466672782398645659611635
48862305774564980355936345681743241125150760694794510965960940252288797108931
45669136867228748940560101503308617928680920874760917824938589009714909675985
26136554978189312978482168299894872265880485756401427047755513237964145152374
62343645428584447952658678210511413547357395231134271661021359695362314429524
84937187110145765403590279934403742007310578539062198387447808478489683321445
71386875194350643021845319104848100537061468067491927819119793995206141966342
87544406437451237181921799983910159195618146751426912397489409071864942319615
67945208095146550225231603881930142093762137855956638937787083039069792077346
72218256259966150142150306803844773454920260541466592520149744285073251866600
21324340881907104863317346496514539057962685610055081066587969981635747363840
52571459102897064140110971206280439039759515677157700420337869936007230558763
17635942187312514712053292819182618612586732157919841484882916447060957527069
57220917567116722910981690915280173506712748583222871835209353965725121083579
15136988209144421006751033467110314126711136990865851639831501970165151168517
14376576183515565088490998985998238734552833163550764791853589322618548963213
29330898570642046752590709154814165498594616371802709819943099244889575712828
90592323326097299712084433573265489382391193259746366730583604142813883032038
24903758985243744170291327656180937734440307074692112019130203303801976211011
00449293215160842444859637669838952286847831235526582131449576857262433441893
03968642624341077322697802807318915441101044682325271620105265227211166039666
55730925471105578537634668206531098965269186205647693125705863566201855810072
93606598764861179104533488503461136576867532494416680396265797877185560845529
65412665408530614344431858676975145661406800700237877659134401712749470420562
23053899456131407112700040785473326993908145466464588079727082668306343285878
56983052358089330657574067954571637752542021149557615814002501262285941302164
71550979259230990796547376125517656751357517829666454779174501129961489030463
99471329621073404375189573596145890193897131117904297828564750320319869151402
87080859904801094121472213179476477726224142548545403321571853061422881375850
43063321751829798662237172159160771669254748738986654949450114654062843366393
79003976926567214638530673609657120918076383271664162748888007869256029022847
21040317211860820419000422966171196377921337575114959501566049631862947265473
64252308177036751590673502350728354056704038674351362222477158915049530984448
93330963408780769325993978054193414473774418426312986080998886874132604721569
51623965864573021631598193195167353812974167729478672422924654366800980676928
23828068996400482435403701416314965897940924323789690706977942236250822168895
73837986230015937764716512289357860158816175578297352334460428151262720373431
46531977774160319906655418763979293344195215413418994854447345673831624993419
13181480927777103863877343177207545654532207770921201905166096280490926360197
59882816133231666365286193266863360627356763035447762803504507772355471058595
48702790814356240145171806246436267945612753181340783303362542327839449753824
37205835311477119926063813346776879695970309833913077109870408591337464144282
27726346594704745878477872019277152807317679077071572134447306057007334924369
31138350493163128404251219256517980694113528013147013047816437885185290928545
20116583934196562134914341595625865865570552690496520985803385072242648293972
85847831630577775606888764462482468579260395352773480304802900587607582510474
70916439613626760449256274204208320856611906254543372131535958450687724602901
61876679524061634252257719542916299193064553779914037340432875262888963995879
47572917464263574552540790914513571113694109119393251910760208252026187985318
87705842972591677813149699009019211697173727847684726860849003377024242916513
00500516832336435038951702989392233451722013812806965011784408745196012122859
93716231301711444846409038906449544400619869075485160263275052983491874078668
08818338510228334508504860825039302133219715518430635455007668282949304137765
52793975175461395398468339363830474611996653858153842056853386218672523340283
08711232827892125077126294632295639898989358211674562701021835646220134967151
88190973038119800497340723961036854066431939509790190699639552453005450580685
50195673022921913933918568034490398205955100226353536192041994745538593810234
39554495977837790237421617271117236434354394782218185286240851400666044332588
85698670543154706965747458550332323342107301545940516553790686627333799585115
62578432298827372319898757141595781119635833005940873068121602876496286744604
77464915995054973742562690104903778198683593814657412680492564879855614537234
78673303904688383436346553794986419270563872931748723320837601123029911367938
62708943879936201629515413371424892830722012690147546684765357616477379467520
04907571555278196536213239264061601363581559074220202031872776052772190055614
84255518792530343513984425322341576233610642506390497500865627109535919465897
51413103482276930624743536325691607815478181152843667957061108615331504452127
47392454494542368288606134084148637767009612071512491404302725386076482363414
33462351897576645216413767969031495019108575984423919862916421939949072362346
46844117394032659184044378051333894525742399508296591228508555821572503107125
70126683024029295252201187267675622041542051618416348475651699981161410100299
60783869092916030288400269104140792886215078424516709087000699282120660418371
80653556725253256753286129104248776182582976515795984703562226293486003415872
29805349896502262917487882027342092222453398562647669149055628425039127577102
84027998066365825488926488025456610172967026640765590429099456815065265305371
82941270336931378517860904070866711496558343434769338578171138645587367812301
45876871266034891390956200993936103102916161528813843790990423174733639480457
59314931405297634757481193567091101377517210080315590248530906692037671922033
22909433467685142214477379393751703443661991040337511173547191855046449026365
51281622882446257591633303910722538374218214088350865739177150968288747826569
95995744906617583441375223970968340800535598491754173818839994469748676265516
58276584835884531427756879002909517028352971634456212964043523117600665101241
20065975585127617858382920419748442360800719304576189323492292796501987518721
27267507981255470958904556357921221033346697499235630254947802490114195212382
81530911407907386025152274299581807247162591668545133312394804947079119153267
34302824418604142636395480004480026704962482017928964766975831832713142517029
69234889627668440323260927524960357996469256504936818360900323809293459588970
69536534940603402166544375589004563288225054525564056448246515187547119621844
39658253375438856909411303150952617937800297412076651479394259029896959469955
65761218656196733786236256125216320862869222103274889218654364802296780705765
61514463204692790682120738837781423356282360896320806822246801224826117718589
63814091839036736722208883215137556003727983940041529700287830766709444745601
34556417254370906979396122571429894671543578468788614445812314593571984922528
47160504922124247014121478057345510500801908699603302763478708108175450119307
14122339086639383395294257869050764310063835198343893415961318543475464955697
81038293097164651438407007073604112373599843452251610507027056235266012764848
30840761183013052793205427462865403603674532865105706587488225698157936789766
97422057505968344086973502014102067235850200724522563265134105592401902742162
48439140359989535394590944070469120914093870012645600162374288021092764579310
65792295524988727584610126483699989225695968815920560010165525637567856672279
66198857827948488558343975187445455129656344348039664205579829368043522027709
84294232533022576341807039476994159791594530069752148293366555661567873640053
66656416547321704390352132954352916941459904160875320186837937023488868947915
10716378529023452924407736594956305100742108714261349745956151384987137570471
01787957310422969066670214498637464595280824369445789772330048764765241339075
92043401963403911473202338071509522201068256342747164602433544005152126693249
34196739770415956837535551667302739007497297363549645332888698440611964961627
73449518273695588220757355176651589855190986665393549481068873206859907540792
34240230092590070173196036225475647894064754834664776041146323390565134330684
49539790709030234604614709616968868850140834704054607429586991382966824681857
10318879065287036650832431974404771855678934823089431068287027228097362480939
96270607472645539925399442808113736943388729406307926159599546262462970706259
48455690347119729964090894180595343932512362355081349490043642785271383159125
68989295196427287573946914272534366941532361004537304881985517065941217352462
58954873016760029886592578662856124966552353382942878542534048308330701653722
85635591525347844598183134112900199920598135220511733658564078264849427644113
76393866924803118364453698589175442647399882284621844900877769776312795722672
65556259628254276531830013407092233436577916012809317940171859859993384923549
56400570995585611349802524990669842330173503580440811685526531170995708994273
28709258487894436460050410892266917835258707859512983441729535195378855345737
42608590290817651557803905946408735061232261120093731080485485263572282576820
34160504846627750450031262008007998049254853469414697751649327095049346393824
32227188515974054702148289711177792376122578873477188196825462981268685817050
74027255026332904497627789442362167411918626943965067151577958675648239939176
04260176338704549901761436412046921823707648878341968968611815581587360629386
03810171215855272668300823834046564758804051380801633638874216371406435495561
86896411228214075330265510042410489678352858829024367090488711819090949453314
42182876618103100735477054981596807720094746961343609286148494178501718077930
68108546900094458995279424398139213505586422196483491512639012803832001097738
68066287792397180146134324457264009737425700735921003154150893679300816998053
65202760072774967458400283624053460372634165542590276018348403068113818551059
79705664007509426087885735796037324514146786703688098806097164258497595138069
30944940151542222194329130217391253835591503100333032511174915696917450271494
33151558854039221640972291011290355218157628232831823425483261119128009282525
61902052630163911477247331485739107775874425387611746578671169414776421441111
26358355387136101102326798775641024682403226483464176636980663785768134920453
02240819727856471983963087815432211669122464159117767322532643356861461865452
22681268872684459684424161078540167681420808850280054143613146230821025941737
56238994207571362751674573189189456283525704413354375857534269869947254703165
66139919996826282472706413362221789239031760854289437339356188916512504244040
08952719837873864805847268954624388234375178852014395600571048119498842390606
13695734231559079670346149143447886360410318235073650277859089757827273130504
88939890099239135033732508559826558670892426124294736701939077271307068691709
26462548423240748550366080136046689511840093668609546325002145852930950000907
15105823626729326453738210493872499669933942468551648326113414611068026744663
73343753407642940266829738652209357016263846485285149036293201991996882851718
39536691345222444708045923966028171565515656661113598231122506289058549145097
15755390024393153519090210711945730024388017661503527086260253788179751947806
10137150044899172100222013350131060163915415895780371177927752259787428919179
15522417189585361680594741234193398420218745649256443462392531953135103311476
39491199507285843065836193536932969928983791494193940608572486396883690326556
43642166442576079147108699843157337496488352927693282207629472823815374099615
45598798259891093717126218283025848112389011968221429457667580718653806506487
02613389282299497257453033283896381843944770779402284359883410035838542389735
42439564755568409522484455413923941000162076936368467764130178196593799715574
68541946334893748439129742391433659360410035234377706588867781139498616478747
14079326385873862473288964564359877466763847946650407411182565837887845485814
89629612739984134427260860618724554523606431537101127468097787044640947582803
48769758948328241239292960582948619196670918958089833201210318430340128495116
20353428014412761728583024355983003204202451207287253558119584014918096925339
50757784000674655260314461670508276827722235341911026341631571474061238504258
45988419907611287258059113935689601431668283176323567325417073420817332230462
98799280490851409479036887868789493054695570307261900950207643349335910602454
50864536289354568629585313153371838682656178622736371697577418302398600659148
16164049449650117321313895747062088474802365371031150898427992754426853277974
31139514357417221975979935968525228574526379628961269157235798662057340837576
68738842664059909935050008133754324546359675048442352848747014435454195762584
73564216198134073468541117668831186544893776979566517279662326714810338643913
75186594673002443450054499539974237232871249483470604406347160632583064982979
55101095418362350303094530973358344628394763047756450150085075789495489313939
44899216125525597701436858943585877526379625597081677643800125436502371412783
46792610199558522471722017772370041780841942394872540680155603599839054898572
35467456423905858502167190313952629445543913166313453089390620467843877850542
39390524731362012947691874975191011472315289326772533918146607300089027768963
11481090220972452075916729700785058071718638105496797310016787085069420709223
29080703832634534520380278609905569001341371823683709919495164896007550493412
67876436746384902063964019766685592335654639138363185745698147196210841080961
88460545603903845534372914144651347494078488442377217515433426030669883176833
10011331086904219390310801437843341513709243530136776310849135161564226984750
74303297167469640666531527035325467112667522460551199581831963763707617991919
20357958200759560530234626775794393630746305690108011494271410093913691381072
58137813578940055995001835425118417213605572752210352680373572652792241737360
57511278872181908449006178013889710770822931002797665935838758909395688148560
26322439372656247277603789081445883785501970284377936240782505270487581647032
45812908783952324532378960298416692254896497156069811921865849267704039564812
78102179913217416305810554598801300484562997651121241536374515005635070127815
92671424134210330156616535602473380784302865525722275304999883701534879300806
26018096238151613669033411113865385109193673938352293458883225508870645075394
73952043968079067086806445096986548801682874343786126453815834280753061845485
90379821799459968115441974253634439960290251001588827216474500682070419376158
45471231834600726293395505482395571372568402322682130124767945226448209102356
47752723082081063518899152692889108455571126603965034397896278250016110153235
16051965590421184494990778999200732947690586857787872098290135295661397888486
05097860859570177312981553149516814671769597609942100361835591387778176984587
58104466283998806006162298486169353373865787735983361613384133853684211978938
90018529569196780455448285848370117096721253533875862158231013310387766827211
57269495181795897546939926421979155233857662316762754757035469941489290413018
63861194391962838870543677743224276809132365449485366768000001065262485473055
86159899914017076983854831887501429389089950685453076511680333732226517566220
75269517914422528081651716677667279303548515420402381746089232839170327542575
08676551178593950027933895920576682789677644531840404185540104351348389531201
32637836928358082719378312654961745997056745071833206503455664403449045362756
00112501843356073612227659492783937064784264567633881880756561216896050416113
90390639601620221536849410926053876887148379895599991120991646464411918568277
00457424343402167227644558933012778158686952506949936461017568506016714535431
58148010545886056455013320375864548584032402987170934809105562116715468484778
03944756979804263180991756422809873998766973237695737015808068229045992123661
68902596273043067931653114940176473769387351409336183321614280214976339918983
54848756252987524238730775595559554651963944018218409984124898262367377146722
60616336432964063357281070788758164043814850188411431885988276944901193212968
27158884133869434682859006664080631407775772570563072940049294030242049841656
54797367054855804458657202276378404668233798528271057843197535417950113472736
25774080213476826045022851579795797647467022840999561601569108903845824502679
26594205550395879229818526480070683765041836562094555434613513415257006597488
19163413595567196496540321872716026485930490397874895890661272507948282769389
53521753621850796297785146188432719223223810158744450528665238022532843891375
27384589238442253547265309817157844783421582232702069028723233005386216347988
50946954720047952311201504329322662827276321779088400878614802214753765781058
19702226309717495072127248479478169572961423658595782090830733233560348465318
73029302665964501371837542889755797144992465403868179921389346924474198509733
46267933210726868707680626399193619650440995421676278409146698569257150743157
40793805323925239477557441591845821562518192155233709607483329234921034514626
43744980559610330799414534778457469999212859999939961228161521931488876938802
22810830019860165494165426169685867883726095877456761825072759929508931805218
72924610867639958916145855058397274209809097817293239301067663868240401113040
24700735085782872462713494636853181546969046696869392547251941399291465242385
77625500474852954768147954670070503479995888676950161249722820403039954632788
30695976249361510102436555352230690612949388599015734661023712235478911292547
69617600504797492806072126803922691102777226102544149221576504508120677173571
20271802429681062037765788371669091094180744878140490755178203856539099104775
94141321543284406250301802757169650820964273484146957263978842560084531214065
93580904127113592004197598513625479616063228873618136737324450607924411763997
59746193835845749159880976674470930065463424234606342374746660804317012600520
55928493695941434081468529815053947178900451835755154125223590590687264878635
75254191128887737176637486027660634960353679470269232297186832771739323619200
77745221262475186983349515101986426988784717193966497690708252174233656627259
28440620430214113719922785269984698847702323823840055655517889087661360130477
09843861168705231055314916251728373272867600724817298763756981633541507460883
86636406934704372066886512756882661497307886570156850169186474885416791545965
07234287730699853713904300266530783987763850323818215535597323530686043010675
76083890862704984188859513809103042359578249514398859011318583584066747237029
71497850841458530857813391562707603563907639473114554958322669457024941398316
34332378975955680856836297253867913275055542524491943589128405045226953812179
